61493139.36  0.00067732  6.8128e-21  0.0  0.00097114  3.7207e-21  0.0  0.0012573  2.4682e-21  0.0  0.0015408  2.7144e-21  0.0  0.0018228  3.6431e-21  0.0  0.0021042  4.6857e-21  0.0  0.002385  5.6913e-21  0.0  0.0026656  6.6257e-21  0.0  0.0029459  7.4831e-21  0.0  0.0032261  8.265e-21  0.0  0.0  year  year  1.9486  -1
52429796.64  0.00082365  8.0673e-21  0.109863754788  0.0011774  3.9145e-21  0.0954057295931  0.0015222  2.7896e-21  0.0980361347256  0.0018637  3.8487e-21  0.172367967299  0.0022036  5.3679e-21  0.304270162498  0.0025426  6.8248e-21  0.473985789509  0.0028812  8.1434e-21  0.670751344213  0.0032193  9.32e-21  0.884218336471  0.0035572  1.0364e-20  1.1044978955  0.003895  1.1287e-20  1.32178125827  2.1392773748  year  year  1.6614  0
44294247.36  0.0010016  9.4826e-21  0.206825667337  0.0014274  3.982e-21  0.162667020346  0.0018427  3.5914e-21  0.189452558491  0.0022542  5.7136e-21  0.376266198024  0.0026639  7.8761e-21  0.657222171252  0.0030725  9.7766e-21  0.994157447746  0.0034805  1.1415e-20  1.36228766684  0.0038881  1.282e-20  1.73873708594  0.0042954  1.402e-20  2.10323135122  0.0047025  1.5037e-20  2.43986801322  4.11370493996  year  year  1.4036  0
37039155.12  0.001218  1.1046e-20  0.345304791295  0.0017306  3.9462e-21  0.23990696962  0.0022308  5.2136e-21  0.357109709188  0.0027267  8.5011e-21  0.749058310005  0.0032203  1.1344e-20  1.25830200697  0.0037128  1.3691e-20  1.8192918977  0.0042046  1.5618e-20  2.38403202766  0.0046958  1.7192e-20  2.91527643516  0.0051867  1.8465e-20  3.3889564713  0.0056774  1.9478e-20  3.79256591157  6.76827754744  year  year  1.1737  0
30618445.824  0.0014811  1.2726e-20  0.551962099036  0.0020981  4.0401e-21  0.337488265339  0.0027007  7.916e-21  0.693191552637  0.0032981  1.2414e-20  1.41917431736  0.003893  1.5941e-20  2.24361659053  0.0044865  1.868e-20  3.05932273152  0.0050792  2.0794e-20  3.79924696814  0.0056713  2.2403e-20  4.42932657978  0.006263  2.3592e-20  4.93962785559  0.0068545  2.4431e-20  5.33501208651  10.2089123089  year  month  11.6572421053  10
24992356.896  0.0018011  1.4469e-20  0.860285989405  0.0025437  4.9076e-21  0.493090172741  0.0032695  1.1922e-20  1.33458768678  0.0039893  1.7646e-20  2.5338455169  0.0047062  2.1781e-20  3.71328484211  0.0054215  2.4755e-20  4.74047848737  0.0061358  2.685e-20  5.56783834061  0.0068495  2.8254e-20  6.1970572333  0.0075627  2.9108e-20  6.65090288326  0.0082755  2.952e-20  6.95829543311  14.4049322992  month  month  9.51524309211  -2
20116707.696  0.0021903  1.6192e-20  1.31129150672  0.0030839  7.29e-21  0.819262412375  0.0039581  1.745e-20  2.44651545992  0.0048254  2.4329e-20  4.19896242701  0.0056893  2.8853e-20  5.6695232808  0.0065513  3.1755e-20  6.78184991454  0.0074122  3.3478e-20  7.56554774398  0.0082724  3.4316e-20  8.08133849257  0.009132  3.4483e-20  8.38963998598  0.0099912  3.4138e-20  8.54080020359  19.235936522  month  month  7.65895608553  -2
15945424.128  0.0026635  1.7784e-20  1.94758109957  0.0037388  1.1496e-20  1.5054707442  0.0047917  2.4669e-20  4.15996094693  0.0058366  3.245e-20  6.40829736614  0.0068777  3.6931e-20  8.00099884804  0.0079166  3.9256e-20  9.02878271195  0.0089542  4.0095e-20  9.63293038675  0.0099909  3.9884e-20  9.93464216117  0.011027  3.8938e-20  10.025208191  0.012063  3.7479e-20  9.96924345962  24.5223783813  month  month  6.07083947368  -1
12430223.064  0.0032389  1.9115e-20  2.79604142715  0.0045328  1.7619e-20  2.73475981747  0.005801  3.3605e-20  6.49120690345  0.0070599  4.1744e-20  9.03346691723  0.0083143  4.5477e-20  10.5278079822  0.0095664  4.6507e-20  11.3028664265  0.010817  4.5813e-20  11.6107139227  0.012066  4.4019e-20  11.6202248281  0.013315  4.1546e-20  11.4433607704  0.014564  3.8685e-20  11.1509554569  30.0459347844  month  month  4.73251060855  -2
9520296.768  0.0039387  2.0042e-20  3.8352127061  0.0054954  2.5702e-20  4.59658488221  0.0070227  4.4027e-20  9.31897200143  0.0085394  5.1595e-20  11.8737688586  0.010051  5.3581e-20  13.0530821902  0.01156  5.2443e-20  13.4329831476  0.013067  4.9544e-20  13.3571609449  0.014573  4.5707e-20  13.0270238289  0.016078  4.145e-20  12.5614341308  0.017583  3.7103e-20  12.0305878067  35.5687620645  month  month  3.62462565789  -1
7158841.56  0.0047896  2.0444e-20  4.96879391466  0.0066625  3.5623e-20  7.04342826908  0.0085018  5.5334e-20  12.4372856765  0.010329  6.098e-20  14.7133161003  0.012151  6.0018e-20  15.3916886673  0.013969  5.5847e-20  15.2718303755  0.015785  5.0236e-20  14.7648494812  0.0176  4.417e-20  14.0848575962  0.019415  3.82e-20  13.3453792192  0.021228  3.2623e-20  12.6046047828  40.8528900496  month  month  2.72555797697  -1
5284004.544  0.0058244  2.0247e-20  6.050694681  0.0080774  4.6985e-20  9.91621804153  0.010292  6.6511e-20  15.6143307688  0.012494  6.855e-20  17.348959186  0.014689  6.346e-20  17.3866421658  0.01688  5.5669e-20  16.7159638045  0.019069  4.7266e-20  15.7810485062  0.021257  3.9257e-20  14.7853798904  0.023443  3.2085e-20  13.8202858985  0.025629  2.5903e-20  12.922511617  45.6847384533  month  month  2.01175855263  0
3830461.488  0.0070827  1.9449e-20  6.95655254302  0.0097928  5.9056e-20  13.0070263561  0.01246  7.6214e-20  18.6312237762  0.015112  7.2901e-20  19.6100025265  0.017757  6.2881e-20  18.936019439  0.020398  5.1478e-20  17.7285151847  0.023036  4.0827e-20  16.4221336911  0.025673  3.1691e-20  15.1819201798  0.028308  2.4216e-20  14.0610999014  0.030943  1.8284e-20  13.0665832935  49.9074287452  month  month  1.45835674342  -1
2729543.0544  0.0086129  1.8127e-20  7.63576190222  0.011873  7.0837e-20  16.1060620366  0.015084  8.3049e-20  21.2987069941  0.018279  7.301e-20  21.3873732991  0.021466  5.8017e-20  20.0135818744  0.024648  4.3803e-20  18.3483113887  0.027828  3.2058e-20  16.7663018416  0.031006  2.2971e-20  15.3680315718  0.034182  1.6209e-20  14.1597222331  0.037358  1.1303e-20  13.1180135585  53.4400039853  month  month  1.03920833882  0
1914347.1312  0.010474  1.6424e-20  8.10365039046  0.014394  8.1253e-20  19.024962259  0.018261  8.5975e-20  23.4884118569  0.02211  6.8671e-20  22.6525577104  0.02595  4.9634e-20  20.6731737103  0.029785  3.41e-20  18.6725400393  0.033617  2.2716e-20  16.9194497521  0.037447  1.4819e-20  15.4383250678  0.041275  9.521e-21  14.191306575  0.045103  6.0466e-21  13.1319742346  56.2757288196  month  day  22.1567955  21
1322799.9192  0.012737  1.4511e-20  8.40582379874  0.017451  8.9407e-20  21.6208935752  0.022108  8.4663e-20  25.1491130509  0.026744  6.0675e-20  23.4597416917  0.031371  3.9341e-20  21.0232340237  0.035992  2.4243e-20  18.814661631  0.04061  1.4485e-20  16.9747129031  0.045226  8.4754e-21  15.4591782426  0.049841  4.884e-21  14.1990079832  0.054454  2.7822e-21  13.1347731046  58.4652657876  day  day  15.31018425  -7
900748.5768  0.015488  1.2549e-20  8.59122273792  0.021157  9.4794e-20  23.803900308  0.026764  7.96e-20  26.3085837422  0.032349  5.0544e-20  23.9181674207  0.037924  2.8993e-20  21.1827533419  0.043493  1.5793e-20  18.866299498  0.049058  8.337e-21  16.9906835097  0.054621  4.3088e-21  15.4639701539  0.060183  2.1932e-21  14.2004156453  0.065743  1.1031e-21  13.1351804307  60.0941249514  day  day  10.42533075  -5
603444.4272  0.018835  1.0667e-20  8.70027491309  0.02565  9.7353e-20  25.5438657816  0.032401  7.1872e-20  27.0539995632  0.039128  3.9967e-20  24.1495222763  0.045845  2.002e-20  21.2450714521  0.052556  9.5075e-21  18.8818308884  0.059264  4.3717e-21  16.9943780604  0.065968  1.9669e-21  15.4648229242  0.072672  8.7116e-22  14.2006085795  0.079374  3.8124e-22  13.1352234419  61.2645067924  day  day  6.9843105  -4
395795.4192  0.022904  8.9471e-21  8.76198568878  0.031097  9.7382e-20  26.8605482008  0.039225  6.2757e-20  27.4958598017  0.047329  3.0265e-20  24.2537086619  0.055422  1.3093e-20  21.2660969636  0.063509  5.3563e-21  18.8857396209  0.071592  2.1184e-21  16.9950711187  0.079673  8.1898e-22  15.4649422887  0.087752  3.1151e-22  14.200628742  0.095829  1.17e-22  13.1352268021  62.0776376497  day  day  4.5809655  -2
251548.78536  0.027852  7.4297e-21  8.79571172494  0.037701  9.5376e-20  27.8076942977  0.047486  5.3375e-20  27.7382898774  0.057248  2.2159e-20  24.295922746  0.066999  8.2077e-21  21.2723108756  0.076744  2.8652e-21  18.8865790136  0.086485  9.6487e-22  16.995179217  0.096224  3.1713e-22  15.4649558142  0.10596  1.0246e-22  14.2006304037  0.1157  3.2668e-23  13.1352270038  62.6238304353  day  day  2.911444275  -2
151533.28368  0.033869  6.1254e-21  8.81352086584  0.045708  9.1878e-20  28.4555453304  0.057487  4.4507e-20  27.8620271206  0.069246  1.583e-20  24.3115080899  0.080994  4.9901e-21  21.2739516694  0.092737  1.4763e-21  18.8867369654  0.10448  4.2015e-22  16.9951937016  0.11621  1.165e-22  15.4649571039  0.12795  3.1701e-23  14.2006305166  0.13968  8.5049e-24  13.1352270135  62.9779457172  day  day  1.75385745  -1
82194.92496  0.041187  5.0244e-21  8.82260046293  0.055415  8.7373e-20  28.8767557324  0.069595  3.6586e-20  27.9211322194  0.083758  1.112e-20  24.3168247564  0.097912  2.973e-21  21.2743472717  0.11206  7.4227e-22  18.8867637653  0.12621  1.7767e-22  16.9951954276  0.14036  4.1329e-23  15.464957212  0.1545  9.4187e-24  14.2006305232  0.16864  2.1135e-24  13.1352270139  63.1989260488  day  hour  22.8319236  21
34034.8716  0.050085  4.1049e-21  8.82705742258  0.067184  8.2229e-20  29.1370293145  0.084253  2.9769e-20  27.9477312742  0.10131  7.7275e-21  24.3185250523  0.11836  1.7499e-21  21.2744362522  0.13542  3.6799e-22  18.8867679855  0.15246  7.3893e-23  16.9951956171  0.16951  1.4377e-23  15.4649572202  0.18656  2.735e-24  14.2006305236  0.20361  5.1132e-25  13.1352270139  63.331311993  hour  hour  9.454131  -13
749.5876728  0.060906  3.1692e-21  8.8290917246  0.081452  7.3243e-20  29.2849970288  0.102  2.3115e-20  27.9588417721  0.12254  5.1567e-21  24.3190341687  0.14309  9.9372e-22  21.274455112  0.16364  1.766e-22  18.8867686125  0.18418  2.9816e-23  16.9951956367  0.20473  4.8597e-24  15.4649572208  0.22527  7.7202e-25  14.2006305236  0.24582  1.2028e-25  13.1352270139  63.4049076119  hour  minute  12.49312788  3

